51097
28817
39973
34784
29636
6685
39634
24293
44381
62573
49295
59642
51835
55498
47344
37048
53097
6434
32659
57067
21319
15828
11637
11559
34379
34286
55075
36684
7259
9238
48111
37941
148
65313
34941
50458
64128
1261
45879
31421
24830
33831
28424
38254
47831
12019
31520
25466
46793
18662
19701
61205
15780
34486
65357
37749
58940
33242
54572
1713
46527
36358
27975
36291
40085
46750
24909
18294
24958
44696
38734
64690
55252
21208
4567
44738
4909
52517
20612
53443
24612
31161
3509
16139
51332
64073
16995
18467
52690
46212
13761
34027
24984
44734
3744
33643
23577
61646
59401
65354
16697
24763
3054
18147
54838
26466
24027
39403
16839
26770
36681
35226
24950
28939
50910
20442
62179
6872
32424
32248
50254
676
33492
31100
34190
46764
56655
53682
3994
34345
49846
16459
9621
18165
7467
64825
15516
2750
26955
12405
49251
56731
17353
40205
26453
20954
14962
59116
25232
40985
23803
63894
51793
5119
18360
26777
26314
62710
18480
5209
34312
62410
4085
50634
43507
49656
43261
52165
35676
64044
63240
19202
55692
4895
42616
59606
46567
8987
37365
42700
47812
45760
12380
13397
16403
30237
49901
6707
63950
13132
46092
889
16449
25187
51213
65531
43596
43933
34544
1569
52068
39525
12002
46286
8948
61137
52942
33527
44770
30517
5620
12518
18370
22797
23565
38956
28835
65526
17637
29169
42837
25270
48388
35241
27021
3626
27381
10804
2383
3058
52427
40920
23534
43982
17123
2096
11471
55942
9011
40034
56450
46190
29330
20556
32616
37988
5827
21647
16922
63144
48086
28730
34340
6508
29948
37662
38171
36817
31582
43568
35701
48976
45114
64962
9538
65451
33180
62494
58926
23179
1506
23706
385
32350
2320
44403
54994
45015
2763
19539
35546
29480
60540
56371
35306
24996
7943
5582
49267
34420
18110
14418
18209
36204
34168
8295
45162
44623
21864
27306
13909
13556
16093
13903
44569
49250
52826
35578
27887
16321
21305
40079
35782
35059
55272
5823
10010
22884
59340
53905
6904
8844
31320
20709
10676
12649
23289
42852
41968
20046
45247
14475
19226
43503
41676
13578
55796
55565
13965
2920
2588
21072
22028
15485
3964
44483
52807
38533
60354
9047
6899
20292
4704
4579
1349
28253
4525
53991
45588
11723
9621
44208
26489
34202
7227
15638
30451
50119
813
26267
44421
32754
62654
20764
64349
13918
44687
57915
44720
36081
36199
43163
21905
35308
9256
19586
51076
35998
64958
28697
54445
32644
41230
34340
62747
48724
41914
36802
4624
27800
21064
13408
7265
16442
6875
5049
49543
63835
47299
7072
54248
13365
60383
43926
13708
58580
62488
17064
36349
30010
53482
47318
18402
10162
29626
49457
12320
26207
19255
52314
14926
4428
17196
51518
64534
35602
4278
41797
11858
17511
17219
28295
11827
17994
35113
43976
1549
52147
10164
60341
56207
21683
11162
55978
56238
55313
64865
43364
27204
21515
3657
8873
49195
7435
21276
5909
29937
61500
25706
12030
7451
10786
56287
31366
2585
7413
63052
6810
59618
37326
34493
13861
65305
6335
55741
48616
55194
10588
38378
43915
32205
54482
53721
54572
54882
12029
13233
52022
2851
49970
50815
45521
27135
44473
24901
38634
1072
64199
46377
24884
64749
2326
57510
22650
63107
6023
21983
13246
50275
13483
59413
4831
18391
15068
28795
22378
42712
48616
726
49107
22608
5856
34697
51440
31238
30922
32824
16486
43497
64800
3933
14155
398
21071
14094
33587
40650
32749
57664
38213
21158
34266
12600
18231
3993
21375
64457
64828
42112
13524
1987
3699
21008
49771
60095
15199
8268
10820
21965
18373
18265
14126
25111
51958
63241
26158
44353
29627
45321
4811
45301
21393
56969
59109
58871
3136
23223
18117
45758
47915
6731
2220
29936
17251
40321
61172
52630
45706
24619
48715
46758
16798
25088
30196
24305
14719
15350
55165
48296
26718
3201
42293
45052
63690
4196
33872
15358
16808
44676
24553
11531
30648
30480
18146
44824
12840
28623
44628
9309
9173
35941
36634
39721
46852
24730
11593
49614
55606
42917
20030
11849
62775
52649
60351
22104
6709
6766
60036
6333
42066
48721
16093
15224
28083
54901
7439
39212
60145
31673
6886
52178
27439
17232
28387
12475
38714
57311
3544
64431
54337
8588
15305
22850
14886
45616
3768
5419
47950
4965
23605
58654
4236
34485
62153
64825
8077
18137
55701
25939
20748
27682
32834
12226
38563
51196
23217
4092
27233
13397
50216
21137
37998
13744
18419
9790
63936
18956
34674
55250
41429
60983
447
50753
50491
54742
32145
43594
23465
19521
58690
27357
53841
27543
3330
18078
25322
14431
17998
6140
50479
39193
24729
63046
32776
9740
63277
22516
4417
30085
50818
6650
6881
36525
29072
47930
10256
49336
16464
37576
53675
8253
13811
33091
49051
14555
36230
25113
26879
8322
33055
28285
32159
35750
59493
35406
34725
63746
2469
39069
53630
45114
8960
4800
45300
31512
4480
8131
35516
34177
53475
54092
47314
11990
47667
24607
50743
18541
44979
21694
31919
60069
13324
9508
8353
54430
36775
42161
1277
1214
4973
52338
47320
43311
37582
29894
21258
43764
53565
5117
28957
23236
47204
15941
1857
20599
15840
33830
2646
29466
20404
27790
48170
44142
30814
953
10448
48539
7258
49627
27317
30626
52631
10529
3628
42967
43989
17232
27821
62106
48547
18727
55412
43985
39598
64082
47703
16598
18376
6432
25215
45437
19904
49814
53400
53521
34721
63330
30239
62450
62044
11635
17721
23987
41050
37452
56519
15901
28232
15453
28424
35812
60712
45910
65429
16886
18144
21913
45053
53984
28757
26853
13313
25744
27865
24460
57258
8314
33929
42709
34449
39039
18542
24631
3208
41728
58933
47872
53592
51051
22505
22465
19190
15322
17718
41014
12316
56015
12511
20007
37118
24991
45346
20311
28774
43828
47760
46442
44587
41846
23760
43931
61413
64625
1592
21207
18183
37643
26637
35889
30689
13499
16455
56127
23572
38235
39057
45755
2203
43920
54231
20292
19536
65065
11689
13145
13284
17595
65477
60931
29585
58593
17438
61510
39500
35600
52041
17867
32086
21815
37460
20529
23208
42395
32260
33699
17625
55496
40633
17376
51149
20811
32189
41936
41839
55943
62684
1228
33999
32882
47721
36514
56978
4043
18402
45994
15386
24717
40734
32306
32543
58926
58153
9004
33323
20024
54546
17117
15263
61611
17482
